> AirPassengers
     Jan Feb Mar Apr May Jun Jul Aug Sep Oct Nov Dec
1949 112 118 132 129 121 135 148 148 136 119 104 118
1950 115 126 141 135 125 149 170 170 158 133 114 140
1951 145 150 178 163 172 178 199 199 184 162 146 166
1952 171 180 193 181 183 218 230 242 209 191 172 194
1953 196 196 236 235 229 243 264 272 237 211 180 201
1954 204 188 235 227 234 264 302 293 259 229 203 229
1955 242 233 267 269 270 315 364 347 312 274 237 278
1956 284 277 317 313 318 374 413 405 355 306 271 306
1957 315 301 356 348 355 422 465 467 404 347 305 336
1958 340 318 362 348 363 435 491 505 404 359 310 337
1959 360 342 406 396 420 472 548 559 463 407 362 405
1960 417 391 419 461 472 535 622 606 508 461 390 432
> hist(AirPassengers)
 mean(AirPassengers)
[1] 280.2986
 Airpassangerscentral <- AirPassengers - mean(AirPassengers)
> Airpassangerscentral
             Jan         Feb         Mar         Apr         May         Jun
1949 -168.298611 -162.298611 -148.298611 -151.298611 -159.298611 -145.298611
1950 -165.298611 -154.298611 -139.298611 -145.298611 -155.298611 -131.298611
1951 -135.298611 -130.298611 -102.298611 -117.298611 -108.298611 -102.298611
1952 -109.298611 -100.298611  -87.298611  -99.298611  -97.298611  -62.298611
1953  -84.298611  -84.298611  -44.298611  -45.298611  -51.298611  -37.298611
1954  -76.298611  -92.298611  -45.298611  -53.298611  -46.298611  -16.298611
1955  -38.298611  -47.298611  -13.298611  -11.298611  -10.298611   34.701389
1956    3.701389   -3.298611   36.701389   32.701389   37.701389   93.701389
1957   34.701389   20.701389   75.701389   67.701389   74.701389  141.701389
1958   59.701389   37.701389   81.701389   67.701389   82.701389  154.701389
1959   79.701389   61.701389  125.701389  115.701389  139.701389  191.701389
1960  136.701389  110.701389  138.701389  180.701389  191.701389  254.701389
             Jul         Aug         Sep         Oct         Nov         Dec
1949 -132.298611 -132.298611 -144.298611 -161.298611 -176.298611 -162.298611
1950 -110.298611 -110.298611 -122.298611 -147.298611 -166.298611 -140.298611
1951  -81.298611  -81.298611  -96.298611 -118.298611 -134.298611 -114.298611
1952  -50.298611  -38.298611  -71.298611  -89.298611 -108.298611  -86.298611
1953  -16.298611   -8.298611  -43.298611  -69.298611 -100.298611  -79.298611
1954   21.701389   12.701389  -21.298611  -51.298611  -77.298611  -51.298611
1955   83.701389   66.701389   31.701389   -6.298611  -43.298611   -2.298611
1956  132.701389  124.701389   74.701389   25.701389   -9.298611   25.701389
1957  184.701389  186.701389  123.701389   66.701389   24.701389   55.701389
1958  210.701389  224.701389  123.701389   78.701389   29.701389   56.701389
1959  267.701389  278.701389  182.701389  126.701389   81.701389  124.701389
1960  341.701389  325.701389  227.701389  180.701389  109.701389  151.701389
